86750	8815	5973	69179	63039
80106	5641	78007	10938	63295
69878	8187	47245	5734	71228
11579	96577	23983	48154	69374
86054	17453	77987	68860	61691
93785	80548	29909	78451	7175
67406	49664	67561	79723	73755
43262	43686	99047	48588	82415
31421	63209	4233	23438	892
27586	92205	91056	99550	77131
42252	49879	27374	40128	64161
76334	56994	8559	7610	56382
65451	38434	96514	40542	75876
73177	40694	17525	68666	36472
17978	60139	31874	47726	34669
28575	8864	5734	64458	33742
65454	5455	48185	78764	1085
4200	70022	66311	17010	56012
27693	42108	37737	43256	57429
59401	8725	29431	67067	1639
55204	99463	43742	24565	60808
12435	49871	66109	2141	45471
61914	18790	77742	77808	6492
30807	50710	90504	23073	86579
12965	31621	60929	59395	86540
72447	77737	85702	68995	94623
28957	82739	71306	35383	37168
40850	47455	35162	53234	23908
88601	2342	70333	9503	43248
97847	10838	51590	19732	85750
2857	24076	48510	65520	98933
4275	37614	34817	40740	21703
72817	37241	17079	44371	32475
88984	78808	57265	33048	93711
78626	13389	20056	36048	90439
10704	47972	44642	20267	76516
99345	21403	25932	22147	78438
92986	94727	69796	82253	58573
31090	32878	33228	93736	5189
98949	15593	71379	27415	86686
45865	3992	3724	98895	99633
63495	81783	86538	24630	86448
96964	3810	37204	74935	77926
93985	6630	85223	11974	29948
69024	24687	15925	2287	63157
62148	60742	44566	42461	26411
35650	95081	10361	65756	41983
98426	22894	95057	7460	11342
60657	95113	35166	30656	23689
95302	12919	33473	52159	47417
56906	51059	53628	40521	93765
52744	79095	83088	88438	58778
75992	87607	50717	2636	12886
83471	48985	2137	45137	53802
13430	8588	66684	41864	21926
17644	99545	47151	40485	46201
26454	33154	52727	97480	57522
49782	40312	87416	69485	70254
60539	33317	78103	73420	5697
52095	72787	7956	5709	21513
29363	73286	15661	654	2309
92570	78864	65056	86026	27284
29150	82375	85542	16973	56844
32225	19206	87540	18848	15427
72677	89310	9736	83178	61677
27219	6894	55480	70343	41505
56534	64541	23415	52413	97352
88453	24925	36610	55122	56497
15035	79420	90473	91521	77375
98857	62174	92661	64511	26010
50720	75068	16589	27642	74396
46840	30029	90988	47370	18213
80351	65449	53955	67754	26663
36376	78108	68533	34191	28845
37384	97796	10966	35125	81974
34564	32835	62860	80104	26625
560	49871	69783	28406	6327
25657	9376	65772	94784	33209
11966	88908	63807	30299	48348
37190	7119	11948	26393	51606
60476	96461	79809	28577	59096
40384	94357	6946	94163	5091
89470	76425	70169	80890	83480
50610	74116	93195	25649	55939
13927	24523	30253	86584	41726
96127	21240	91321	58789	79064
60393	34779	62667	91864	3875
65228	37961	36793	35750	58176
22394	51330	76846	89702	93566
94059	50236	69192	80998	99475
8252	92522	54224	89071	77407
51209	36333	52461	8292	66110
81115	18321	71988	74869	17745
50795	22809	75675	74718	79595
68552	61036	2081	62129	74214
32702	68729	57899	74887	99553
38154	8212	26384	17269	20434
41759	2967	98611	66918	15114
72289	64504	26469	97660	54699
49476	20720	24566	62616	70995
69495	40235	67533	91072	41754
9094	67575	23866	51868	38522
50116	90830	65953	81730	74795
18364	63197	30472	86234	11386
44802	81687	67889	59411	32190
8019	15736	48190	75420	64854
88209	51670	29633	38925	81693
99590	76780	45001	48012	25414
85553	45785	93358	75840	66186
33144	6772	8194	53804	43491
84995	60461	66230	65522	47183
25197	34084	12267	71503	27618
89252	3568	7912	76515	6315
41578	17927	9945	62505	7410
70273	15469	14302	84613	71689
38899	56311	51649	10788	44675
57608	45513	31926	29500	65709
94895	10644	3986	28262	82177
91535	8160	74834	71117	63296
24950	35684	33869	555	98770
68688	48567	52814	96433	87133
80361	62354	65307	13809	9530
8798	88425	28984	52400	75621
58882	63461	44128	92180	37973
10624	90187	56272	23896	44481
81414	41066	91900	15040	3114
15083	23115	18651	62758	87320
79920	65616	26429	92726	99597
90648	53611	46299	69373	98085
76583	19636	42656	40825	70280
88111	39805	65272	23787	79575
54688	92049	52046	48582	46165
23162	36006	12510	59077	77382
56166	74221	30022	72881	21430
2963	70979	46692	80611	50515
14569	16902	38911	12580	35416
93194	73662	52869	84631	37166
17409	68567	32937	53458	76524
76749	1069	36569	48864	42768
58641	82510	90936	92371	74243
5649	88125	70091	85794	62861
61660	52528	60196	80254	56348
831	93739	20087	32989	2976
35637	68580	31915	12080	51501
64741	28166	94212	81308	79670
81247	41177	26546	85065	4952
95595	81997	50439	38663	48318
14778	69433	30808	55054	86285
84974	81884	79737	50611	83149
96299	30359	73530	63810	94497
78758	22232	79231	98905	17058
50271	16309	32593	93225	4512
9608	40903	3795	3066	12224
92736	2769	2155	62091	40524
77655	39855	37796	96851	29754
2400	81899	81598	9066	58799
96087	33116	37048	41583	97077
41039	61286	58316	53423	92623
26497	71590	18501	24318	16444
22309	2456	46640	76456	18771
68679	99785	74372	67573	21080
98510	44804	68830	30319	54277
56721	78362	88074	63365	8608
66716	86757	54931	55838	14669
52276	57786	18381	56010	16738
23474	47092	38984	69254	98273
83805	22067	77219	13069	23165
75614	51117	92567	97200	2583
24952	9646	54768	39904	9918
35021	48389	34358	16872	83162
54319	64852	48137	32180	86737
23589	50183	27132	96024	15565
94092	58962	26042	82190	63596
38035	98619	91435	23034	91220
74039	63359	64616	68129	77763
83415	17393	68765	58682	43571
36138	92797	67650	93056	63003
2061	30073	83807	20258	74687
16917	96909	13736	8702	71829
86228	35738	99022	78994	12211
30482	20995	5199	19834	36764
69123	12942	76912	3398	31011
20163	31293	29850	4024	15545
47007	73971	80879	70434	30281
54560	92028	19720	21317	4459
23306	50401	22389	60697	93325
66724	59239	37471	82485	22940
67014	65597	51929	47948	13262
81825	86487	89584	9844	61660
22468	20267	67306	43558	51965
5420	16518	74769	18054	12353
81089	81008	86781	67419	62554
50226	94256	26592	64235	19649
90486	76328	59331	9583	63711
60298	63795	4616	63276	45576
39074	38046	85020	89118	84858
67459	22518	11436	84977	56194
56029	9833	39093	98265	78920
72769	96408	29515	99893	15274
9891	44658	21879	14918	94969
80067	82333	74255	13944	91167
18268	76646	83248	36959	49710
26435	25161	75005	63783	78866
42327	19773	82729	59669	24181
22550	76141	68770	77592	26324
10889	38252	13927	15396	27717
93585	86677	63398	23949	70627
38076	69597	48239	39329	73648
57662	15558	98297	33708	37356
39151	45846	97355	55997	19476
34499	70809	60276	41947	55363
53100	88405	42919	71581	73922
3934	67795	82717	40727	81397
5787	89	92924	441	51653
88698	59611	68203	77423	88269
83046	83773	83094	75636	7117
80959	62006	40194	59451	22588
91153	4593	55340	75769	39751
49114	90999	41702	78925	99088
30029	30356	69982	97200	43619
42790	40096	18151	49820	56974
35159	64970	88562	97110	54210
33144	26212	40790	74874	15589
10240	15493	18690	80371	39737
98929	76662	37221	38394	86511
34848	96250	86144	37936	44048
78854	76655	38487	18051	63769
56124	13287	17018	46419	60674
78278	58545	23040	50310	84422
83464	97382	85413	79903	45198
75499	65651	68740	42618	90189
25733	109	57478	68953	95889
57784	95122	43216	34284	35861
30884	44550	62503	46333	26421
41304	40051	26129	19238	39456
23386	23643	96371	67813	87387
53139	98460	80045	38517	30681
61901	71891	65263	69948	64551
87688	64638	7975	46265	21166
33678	63936	924	10319	5847
118	2372	63690	24064	33882
11818	40723	44479	53274	81342
33140	81171	31003	47705	19771
58277	11462	69333	98167	22705
98170	47641	11082	21041	49889
49374	95307	89416	26611	96506
17663	44149	99613	48959	71206
14504	31636	67171	17159	44236
66874	28342	60797	63260	15632
75813	29752	18489	15260	53131
93088	14902	51519	26726	7675
20147	13007	55389	51857	54590
5176	17291	37043	58035	46096
8660	55235	10978	12646	83427
50434	46775	77588	48978	53056
71649	25177	29419	53701	20036
652	36708	69320	2712	37535
62241	76937	98028	23564	80445
22322	25382	33885	19055	336
65919	88993	86527	2414	77202
3102	72643	99143	69923	78581
23421	37881	23007	69298	21576
9846	92601	46586	73702	47172
80958	80446	2350	76287	72753
91091	89154	41454	54517	80596
53227	11414	18020	88535	21549
67900	91950	60193	7518	33107
5781	47265	2618	2866	40810
14921	52350	54146	87153	42761
81058	68921	8928	61089	77512
4221	45145	88854	28547	19133
43727	72552	78853	82774	70534
20953	39094	32964	17093	83650
73446	90069	68508	73097	6228
47085	72979	79080	85023	82198
79785	52034	73293	2189	67000
79551	6884	30269	57604	29212
74375	27503	15575	28005	92675
22797	97982	496	39878	85276
64403	56383	58718	50138	99755
11912	76341	15847	83769	76018
79974	82577	72192	87430	96436
26986	30247	22909	42709	55259
11235	94536	55430	51545	75335
8925	12206	12151	19122	37109
14534	28055	79001	58289	96962
13390	69957	27912	8503	68829
61408	24686	18863	7008	65822
26931	64999	36980	3330	49517
42747	87054	89496	33778	58121
44485	49680	20220	22964	74112
4185	27161	51173	65212	92230
39136	88621	8215	34718	28317
60039	35975	56922	52679	84022
82763	68126	79332	25131	49261
4175	81769	20178	3452	39465
4328	11734	8668	86516	11335
77719	7005	71082	28490	41347
58243	64339	54701	2812	91809
16810	21881	76866	9749	94052
18900	61627	71416	13954	96391
15729	11447	56484	89302	98301
38928	50982	52097	60901	28488
99649	20981	8332	92802	40957
64804	99058	31869	37644	86600
61418	66098	67348	43992	12758
80441	83553	93988	40454	450
36958	63582	85811	84185	45692
19387	12430	53678	64426	82816
75076	54131	9023	28259	46035
41008	73946	77398	47090	86621
51313	99937	52789	31014	97397
14157	54106	74058	2003	69851
36898	11669	84832	61833	51070
75665	6202	19730	52056	14493
76457	76119	87243	92515	3833
16638	3590	24452	83841	1842
38291	55769	76253	83217	24777
67657	20247	32852	50523	33084
51554	41944	12336	27882	17938
70363	20755	25849	5509	31572
7434	25430	50365	61386	39226
6788	98954	81461	83129	30369
2927	91909	84505	16370	83409
2085	25808	67109	998	82694
77349	47553	19399	89359	57857
31264	98635	70875	40968	71656
76851	9548	65372	7610	56638
15110	98444	78577	39229	51025
90473	88500	49647	83662	79040
33006	71323	40327	40891	85981
16104	28156	29613	28697	84008
61489	25443	36886	30036	41808
67461	30768	12686	63318	71336
82901	15533	5654	18830	91095
39755	27096	37453	99409	32286
81693	47844	17142	98918	59287
68200	35254	10943	9941	9301
69085	76071	97400	37441	41376
17022	75482	11983	97358	55258
64717	41082	79411	21208	20410
34561	62561	24988	56332	18861
59669	18490	18238	847	54135
26651	27261	9838	30385	32359
43913	23436	78359	34737	35971
2384	18340	2397	89891	50715
57978	44331	12634	4241	66181
37207	56537	32373	363	60063
49255	11490	30046	96511	47760
25070	78991	94466	53598	63419
81058	56791	64704	29363	74633
10600	25526	62833	7952	16356
89107	11840	54326	53608	60087
47364	90253	57732	33336	86559
54656	3497	26679	35795	31084
68034	79024	42764	53400	76781
4221	69960	4585	66779	97470
94258	30456	52016	61080	12662
20803	85241	85830	21413	71891
20672	38986	76008	65083	8501
3938	32208	270	11689	91973
46116	87449	84466	37010	84279
18116	35100	84776	34909	88729
16571	45303	59371	48482	24460
56830	67852	92028	8462	97325
98780	41166	1049	55489	18085
27499	82276	36018	8580	48844
7897	44712	46039	53901	59206
94657	4235	50184	45983	36742
69340	77739	22349	57480	14969
71571	84011	57454	25965	77296
62748	16893	5428	21943	76809
23080	73835	67637	22233	63831
92863	62725	54757	71535	58310
25081	64115	45491	85777	24773
35514	8602	28722	41691	55840
93613	80706	24897	85314	30103
98682	25403	50313	64791	89137
66740	75885	38544	1680	66108
69109	4095	44303	94932	5295
43093	46924	8524	39859	90861
31618	20231	19438	91725	47840
82033	20039	62730	99655	53886
30196	20216	7231	5492	24031
51027	73972	52833	66087	5512
63868	62742	51994	47272	66357
48530	38517	28276	51663	7412
38517	47663	42039	10069	32768
72860	18506	88770	12201	18569
40345	8970	46241	6264	6974
91998	49281	3692	88880	91185
6469	18095	27767	46159	71238
21473	80158	7045	61913	2245
34495	55154	41826	34170	470
53751	54309	20927	81384	82074
26250	19851	28044	87243	28455
49572	33067	12138	87632	58869
71638	84200	40191	31036	81764
94475	18308	54428	63599	15460
41891	55798	61601	55317	9406
75347	98227	14339	89407	64782
65083	54874	51613	28497	56995
90320	54421	61997	79798	45482
82749	86925	6385	21343	70117
69310	1356	95945	86785	3531
57696	5310	80680	81571	679
40617	35083	48532	32287	86736
89654	2850	58911	23452	2312
26804	98140	6415	35219	13744
57313	98160	1688	76491	40777
17910	81652	88557	33725	21226
74210	12532	53932	88726	38768
21115	32729	4202	76283	48843
46974	6253	41766	94929	65113
32193	69113	5287	44642	36770
86341	91555	36005	80869	37986
19577	62197	2597	56893	21596
72843	15797	6680	84112	92755
84409	17589	51636	90780	62551
66161	39814	4199	87727	64784
80158	78501	73158	52214	41697
28136	54297	6666	80978	41816
4000	27597	70682	88671	51343
82303	87015	70113	84161	32566
36621	68042	19880	46937	55911
72255	12476	73941	54314	69392
3498	63768	39769	87532	62855
81268	22447	76877	65403	55017
51112	33681	54459	47971	80792
695	27684	57656	81847	17326
59607	26810	9122	8297	201
44542	88982	57011	17397	94780
73511	4741	90671	81007	66509
8406	20183	62910	71950	73043
58482	5309	9324	6555	93801
77515	63034	77745	54012	52462
46085	74618	53151	1944	84841
6685	87798	59664	58708	93963
20127	26124	1602	62969	1749
84706	24610	39722	85009	75013
30123	6361	90735	87603	22439
66515	97707	73993	21672	96488
72276	27379	16981	21187	99355
73595	48441	71578	33852	1028
52962	7399	60321	27882	59471
5081	84408	64269	69445	39164
74585	51656	78993	37557	91969
78302	41895	23570	16620	92947
49727	78382	47437	12026	15326
94524	13451	67677	73927	39463
20068	68754	63547	63320	58279
70348	27496	71001	8386	4398
92280	70355	86709	13761	21459
65376	33041	92682	45155	33939
2893	27787	88591	62514	15465
64122	94995	97615	76425	5228
18989	82270	93793	95183	18372
24239	86652	47503	37814	62450
87972	9729	33427	88563	71102
58346	24394	74542	47601	6981
80864	41600	98487	68967	30487
49999	47383	61240	83677	27982
73434	96710	69102	32392	12795
18512	65262	93378	65300	89856
50355	72981	38839	72916	71863
54799	43448	87388	95681	6379
77892	92249	74968	73284	29281
60955	19850	40567	65410	91543
86034	41002	65036	9185	49709
57505	96273	35036	30404	86751
66003	31341	8130	25967	38162
7779	20350	46544	34647	97652
91267	2687	22362	59310	77348
48542	49291	33692	66367	16543
56681	76485	96671	13189	39435
82860	21076	3683	5688	57612
97524	62739	1709	17331	85664
22088	75680	20572	13251	97206
37702	92917	77675	77956	99835
7357	93000	64677	33551	27414
90092	42411	71249	26601	75941
36890	64959	33359	25993	72946
38920	99236	13568	32136	51160
51618	96130	70213	4509	19428
65210	71898	14992	78455	30128
73002	74931	20765	6810	88872
92226	43520	62149	42939	65532
85066	68319	75791	74347	38930
84769	63152	51882	58078	54726
97110	87273	7693	36125	36877
16116	24704	27738	58784	4511
87158	30694	75262	51845	31733
3498	362	67856	26685	85474
54582	60064	11192	7620	28756
63151	8849	52386	79297	83247
95410	64896	68469	14306	55233
4798	66233	73564	80118	93814
52820	66614	30727	28518	29275
72292	85044	23295	63318	68455
75459	85236	35351	572	73259
5035	56474	23183	32985	18572
28008	19994	98226	84037	79671
21352	66682	11124	88461	59641
41470	65410	15947	82502	74634
14154	70761	30106	93177	2461
73473	28943	40915	71452	24443
90823	40015	5917	64092	94441
33947	26873	50791	41893	7747
27285	39427	32878	43781	17895
36523	2958	68571	63494	22743
92576	69883	24059	57817	53163
56649	3536	96509	3069	77178
60441	91898	8066	8117	55049
69669	43169	55386	34718	53815
8162	56301	65904	79329	699
45039	53158	22972	57600	29452
93609	96276	97335	60159	81255
9529	52089	67767	10025	73967
31759	36706	23917	6142	29707
7336	87390	26143	71856	78111
66824	2465	65714	86999	50854
2686	3215	52600	96825	59366
55475	61079	79544	26520	99808
55424	64337	35045	73369	77411
78199	47134	13017	98468	20711
87312	82683	54727	60810	27916
32844	54202	26913	9887	82084
39998	76338	86659	24597	86329
34877	50516	88925	77367	59288
38057	83962	24984	51071	16318
58460	57693	41893	98124	618
67632	80211	51773	4750	34779
80151	30657	99763	32742	7765
1858	25824	44993	51180	92560
77843	6871	93670	74292	39606
36180	76647	93223	65694	81383
99893	54313	84862	3048	60903
27933	19232	36439	61738	82348
90279	49633	83953	20879	66351
57215	28283	4706	72951	44172
61262	25124	59716	27589	6293
57303	2198	20916	28307	21538
6163	15843	14110	60033	86352
39324	85648	80620	5057	67010
57046	99910	28912	69112	10399
65918	43656	81479	24965	84679
35146	4407	60891	9369	78592
11749	6181	41129	92121	2719
94344	29118	70005	57160	2189
23561	85328	71871	21555	93527
19146	11435	18155	18198	40614
44840	44476	7377	5174	76473
41670	43260	87144	14473	24145
59645	90948	21550	37832	90650
96021	31315	85137	3756	20155
76255	70123	37443	67471	70811
58759	69371	27187	15566	80547
23119	81207	17553	69956	98692
54584	23663	9006	79327	38401
15293	39268	72744	95158	88478
18665	30501	94067	13934	91429
3971	36862	66682	59857	24182
91951	95009	82866	31867	44387
18190	12670	30154	25373	5137
3487	43452	2598	60633	18226
85736	57432	6995	75449	23149
8292	87639	23477	78436	16265
69472	1621	32989	28003	75079
22787	93749	48010	29280	73371
56667	25801	98117	42995	6385
9857	13017	77390	72941	82055
40884	1892	65729	35866	32625
63115	85482	1284	65094	56110
2283	30248	92599	31790	96799
15919	32118	20393	16726	34480
57221	61455	70477	93889	12059
9112	63915	78159	5418	99622
68744	87240	38549	8532	20017
32240	48644	36867	13728	71580
39808	12167	85735	88	76297
71614	8679	16399	89120	61227
83707	83527	83946	44070	63200
29191	47323	27087	73629	82730
46473	85810	59576	67392	50113
69198	41107	88408	74763	83057
51466	99363	61308	46274	72016
54598	56255	83973	9681	8104
46433	91454	87221	26382	86928
5746	60550	72593	77209	70332
14142	47789	6805	69120	72435
26989	24916	38313	91201	83953
6665	63724	58897	66524	86254
39493	44033	54112	18382	9625
43754	92892	4040	77950	56381
12777	71341	98086	48864	11877
9266	46989	38898	21081	63852
31545	60677	29988	25371	24631
21362	17250	5389	2384	84192
45713	59476	49654	97870	59637
83370	26955	52545	23741	39329
19476	14601	56936	31439	56695
15713	38248	84237	17451	54865
89120	44701	6789	90247	72394
77993	64285	48468	23450	54845
86431	32770	43147	89728	60545
32487	86947	70874	12933	79836
8332	40432	27123	82924	36515
77162	3104	47642	9231	32123
59375	11008	2139	10128	56285
51249	38304	6881	35364	45435
82411	93228	94111	23113	31440
726	7476	38602	43801	43849
40846	36805	50297	85626	74585
31415	76132	93962	91729	99630
62825	88114	76208	76284	55741
43567	3118	37225	13883	43596
14777	40647	85739	95026	81858
20307	37356	69505	32710	50703
92563	45006	60547	68139	6491
53879	42709	89695	65353	52873
84277	69616	29408	25441	96178
4052	33628	41006	63501	57361
61458	34860	4301	27740	40027
78423	27827	55954	70406	67801
81476	13981	83752	37066	53756
46521	32505	85285	45100	88792
87984	49379	29900	59009	75053
50710	51830	23781	86936	97933
34149	66096	2475	62834	6921
27946	55484	76521	67984	10674
8733	87704	69631	85277	25888
94399	31085	16146	87260	96684
49514	15619	38598	87534	47580
44364	36338	4130	61589	23907
98738	74490	23479	2610	38752
71277	21677	64352	40582	26099
71266	26918	55325	3370	81156
73226	80425	39122	45131	74533
89201	97466	18971	8374	80700
41630	39729	43668	80873	23053
71866	26978	79127	7570	48188
26095	49441	35774	77825	30410
80120	72975	31522	14841	4292
31246	63221	32337	75882	80779
96155	40181	37681	89264	37314
68401	46480	55146	4286	64420
12783	66744	48473	47368	50048
77470	1373	7700	2496	95562
78310	33423	99047	53326	77095
87299	46186	49227	70904	11478
11880	85972	46166	41243	79558
33913	22001	71367	74260	1603
14368	59553	41746	52953	34885
40629	93811	66790	23511	97947
57349	89168	99954	49146	78893
75174	70784	54950	59619	48699
29687	48578	8122	93694	64413
98330	53279	22043	14804	45601
90702	34096	22245	66147	24519
2675	88509	24431	30202	85250
99385	69377	81346	66617	43867
69456	62876	60478	79534	71021
30482	29436	17924	71339	64812
24346	91481	48501	7281	55810
23865	42433	90639	15784	51770
67048	35320	82031	72244	68081
91066	61900	42393	39007	11746
20257	86565	3740	99566	46123
42521	82593	74321	2655	54804
74005	71871	99385	24386	9379
20172	12340	17838	91195	22210
41964	21348	35834	83997	3517
55622	59740	79836	6013	86668
6461	14515	64297	86593	12395
83756	46775	615	25163	21602
11024	35020	30120	88845	1910
55888	49604	32826	58561	53655
16785	95715	17010	12113	4824
57338	40197	17185	23416	56339
73954	16075	89468	91697	21165
90919	43026	26576	89024	2239
17257	69698	78684	2125	71619
67285	91744	34005	73690	73057
34161	92155	16343	5033	73095
19728	83294	51349	33914	75583
16931	59987	62705	47270	16532
2297	8568	89607	68727	35083
29901	56447	91195	85722	9891
70495	6749	38417	57261	15797
57532	52224	18202	68147	22562
78296	76229	47140	45773	16777
66770	44928	9232	45299	39518
2410	29803	62431	87445	14643
47436	52531	76672	68266	20212
68606	4765	71741	42046	40710
54178	55799	78326	96329	60824
38142	82737	65705	65908	38005
15756	64752	7954	79349	75952
88482	94098	42971	42058	14611
97298	98895	3676	3483	85702
27118	63369	19536	19862	24585
29287	85699	17609	68540	6126
32734	94154	88054	38939	85000
82388	80185	22287	21253	16435
47033	65550	20512	7704	44612
42317	73363	40923	3242	93094
49159	82555	18927	84849	57706
45806	57743	60360	47851	53770
3758	142	57623	5776	73062
30623	13747	33318	33950	24086
49429	38064	63784	75327	45345
64029	11709	60478	54109	48810
43824	43665	89812	67229	69037
56763	60165	58481	44724	30211
25661	96576	78605	20615	35048
12021	95860	80756	99018	86131
74691	54069	29889	32512	57790
6539	18502	80423	20816	36440
79957	18370	47976	61	66748
65062	16026	28583	64196	92623
55648	63786	11543	81750	73035
81068	52819	18431	87047	74616
53780	19551	68510	38818	69333
79376	53934	80439	11768	41999
49956	33622	78355	58351	58851
21499	62131	76176	97665	92829
18123	94653	58331	42171	13361
46650	43361	3981	41802	19451
97735	53546	39068	73409	95607
46765	45995	69460	78722	40033
38631	75694	96259	3225	51201
14571	82803	29699	25357	54209
45526	53658	70961	1967	46373
6184	56181	90689	62657	79658
64627	15832	34376	56370	40673
93916	20803	13850	70687	98167
20590	91750	31498	3594	44350
77475	69609	70359	84859	57626
13776	31468	59178	15735	23021
64962	71677	80997	68377	48119
85951	97567	84648	45208	26709
3704	81961	61306	45461	49220
60795	73981	97341	95742	98752
47403	74842	49773	63381	22565
97050	44602	54728	43409	99058
94690	78229	88026	10047	79964
50154	84332	88710	62110	15655
41899	81862	42031	77730	28601
78211	63575	32283	5115	21844
77590	40520	11875	19405	45196
27827	95584	38094	94455	25566
5306	88529	39706	33684	16125
13340	37442	35510	72794	10177
69784	15639	7994	81525	74396
86712	51453	51293	79503	88838
19720	32766	54656	29019	71377
22846	67148	15884	44587	79077
52173	7302	45921	30226	15281
20065	76150	88672	87335	97121
73684	32614	22935	61892	85552
21451	84495	71647	29890	30761
84475	62691	47953	96152	44168
26162	16858	1125	16254	84443
47944	1583	47515	54861	45269
76587	94784	86656	43153	61268
17364	36521	52010	57044	31039
7166	65512	6222	36857	78652
5275	23661	818	64121	55431
85660	67894	99888	92702	48232
33141	67944	46511	39870	42038
82185	957	15176	61130	45404
18325	87979	36286	8423	36015
11889	86538	53745	32799	26288
96409	92783	65347	64258	2831
68611	55383	71601	42701	67782
98863	25446	16740	36875	91907
72850	93404	61903	82451	52026
33169	30465	99257	50312	71659
12367	42450	29225	19299	68171
26789	4788	8599	36505	36802
6277	69930	23484	59975	94280
5698	24413	12278	44968	32956
4103	82371	97221	84714	99430
58313	77710	62387	39183	32122
30925	25695	96504	98022	18685
17064	91794	95881	65677	65839
97762	92649	35147	79133	80515
66805	6768	14745	8070	70525
60989	36625	52142	29068	92949
18125	10298	12131	29036	39076
99641	44225	86189	91482	45918
94271	79666	79194	90581	4232
8908	22730	13916	45199	96007
64495	99609	98418	40156	97688
31766	60996	74822	63179	92269
41078	24303	88921	81782	93246
98983	14198	90917	53219	55098
76603	50034	88007	3740	20064
86160	6183	8530	38029	7174
29200	55672	10	94091	58202
8473	59451	22994	65226	27355
20781	74753	76481	99809	59202
49881	54336	77285	59557	25113
41869	42257	1431	26805	32842
1278	22355	63847	41768	10710
93769	27005	54861	88667	35435
99022	22761	39408	24237	19824
65550	93557	41718	44457	40980
3165	26909	35135	57053	70069
31565	6807	70367	25254	76404
85485	54301	11082	40061	46477
22711	81413	83956	14395	11432
29737	65879	13892	12096	21073
61145	86381	28218	50895	90707
20870	79722	42400	84528	79869
13151	34759	56496	91320	58319
57419	96215	72839	27024	30474
42230	40094	97792	80126	86911
97024	43221	42626	56478	81190
16258	44491	26238	42740	69001
33978	76636	66639	91170	8826
58671	1693	42894	71399	88319
48675	67255	75677	57967	78898
25693	66414	80584	22356	55299
69376	17501	91467	53968	58946
51165	20415	22042	72994	59796
71908	31110	18816	51153	17372
44450	42592	19793	97350	95918
15254	42034	84692	97818	78313
98407	76992	84817	96755	47164
93210	53970	89909	17121	52466
140	70813	60534	2104	3381
49516	20129	97349	858	74262
15768	55874	15896	49393	73547
97339	68759	60889	1294	78330
87424	92448	13281	23931	24631
84344	91739	68500	26034	13821
46325	61352	36524	79375	90397
20650	35995	43755	13519	78508
84561	73908	46247	2389	85604
31060	41058	50838	98331	44789
76094	48446	17193	20970	59204
19336	25243	30198	57102	11892
28005	21229	40514	68164	51978
6238	33660	9138	30851	1313
64806	18346	91180	11370	13780
91199	21494	83953	73402	41201
36357	35663	1273	57128	25889
44515	98278	13007	88846	12298
91081	81376	86925	81734	70146
66359	87172	50597	14181	32422
14597	64517	54502	77637	18251
71165	29253	38747	68692	91001
27698	98618	11376	15907	36687
17976	94294	78351	8772	15389
29218	89092	5075	7004	92995
3529	37066	17442	34492	91466
96275	16269	63439	68850	41495
47117	677	74157	3056	24946
90954	69553	7084	13683	64252
90064	93594	78408	26325	96362
73892	20656	74719	67322	11511
74408	71383	69209	79937	3625
27498	31703	97539	80773	77436
73212	98370	4975	70218	22098
89707	36207	58825	13570	47522
5215	13219	53361	433	64376
45335	48542	83574	487	95772
43096	99794	60671	83281	98215
37481	34606	95259	33710	68098
17632	59042	41853	20600	77861
91641	55129	32876	13670	25344
60619	86123	73011	39704	17222
98176	15215	35607	48525	70472
70461	89734	3389	99913	2792
72252	11657	10994	75367	71985
25954	71728	56675	34770	49623
50952	35071	92605	32009	70860
35247	58041	559	60127	49907
32059	73719	32557	94801	12563
59120	22200	46658	85257	82106
98114	53771	27759	63297	62043
34152	30376	69756	22175	9591
37499	67233	47011	12973	81090
74523	8496	65340	43345	15580
14866	13880	67886	76239	17037
62009	83295	29061	16406	74528
60916	15327	33258	9841	93688
23919	42910	37225	46930	74078
68548	11624	10343	91559	45385
95219	84223	9365	10654	70747
56841	70622	68673	58434	32612
89809	89307	8705	1111	21118
749	13091	88226	29489	25414
76220	93902	67935	77790	50983
57459	16606	80635	2110	76889
15299	42061	45277	72836	59863
16668	83895	46781	30598	40
57002	19306	84959	26566	70002
28822	53541	91768	81809	29194
47693	11146	34606	15732	34138
6181	38904	65643	8895	84448
54733	49851	1768	39882	23411
36866	40824	74744	48807	81370
24365	84894	45129	90378	7738
32315	98313	32663	52858	68633
60676	65323	11032	19610	99215
99374	81014	94233	56848	71896
68074	73552	52891	851	20242
69544	12738	79235	27874	21069
90281	38330	83400	41995	33508
82243	78499	63706	98534	78516
69399	60218	30046	41917	53045
24673	49061	37644	16890	3126
45548	97141	83096	3448	96761
26103	45767	50454	45825	67456
51298	34692	40714	42986	24918
75608	11543	66788	76904	80433
15958	38893	63212	37178	73486
36834	7665	80763	44438	14340
67671	17090	17384	93178	17071
94791	1791	29494	83480	56899
98706	91555	68096	86401	37859
94276	7600	80296	61864	804
89467	98480	97709	38717	48551
92437	63145	56052	9834	17561
68314	97640	51400	22739	83161
22483	42241	36160	8939	39281
10504	57589	8539	52271	34264
21262	10660	27105	31047	12609
16559	8436	4911	74433	66564
95782	13778	83636	26865	68067
41430	78272	32558	20889	82397
42443	94980	43654	66936	34521
82935	54060	25897	18470	24707
62033	61377	98660	82553	70767
10623	78379	82216	54028	79603
88762	6719	32696	43066	17797
40506	25035	81400	38729	58037
77522	89682	82597	33019	89387
71504	83878	42896	2430	22177
86555	25352	93879	61510	17370
31193	56606	52062	8880	17320
69339	13064	15800	43488	12282
14871	54838	87432	56101	83883
83178	32955	36254	40706	69526
32522	58020	86816	59792	89015
79501	56868	64251	80332	88406
917	68339	60371	32228	83401
46705	36454	45124	95841	18323
99959	36683	64296	77520	46309
63950	4313	25636	96348	74182
84739	80876	36696	51011	65350
45755	72349	73841	4268	50194
10417	52960	51995	9316	62664
48331	80898	28307	27415	52519
43706	79395	82447	30818	46068
38361	41490	8784	19166	86487
24873	56729	12404	29877	47962
30956	31070	62457	39769	63272
63245	3697	45572	10482	20836
54853	22548	79045	70065	11211
29516	82311	81981	73954	12461
49468	86191	89029	26683	8535
59168	44543	23646	35629	84386
57086	84604	56177	59973	65971
17565	40345	54750	401	5571
86751	25265	28750	49020	76184
25781	87830	62760	35918	21603
50220	35010	66485	58281	95816
88069	45440	94813	42801	31139
41550	19936	34136	15759	66338
10704	24875	61255	16231	4297
64767	15654	64573	19568	16005
44708	24580	96606	1303	41612
32406	69426	11454	67150	48848
33300	94394	96317	38754	13464
35113	68297	55780	54682	35052
16521	15511	49284	90516	72825
51040	24575	43040	62971	89432
6639	56140	6596	45805	49462
48984	22156	73182	16963	28463
49764	62566	67944	49145	78334
35322	83019	91001	71217	28346
6320	57548	10543	22680	94453
53175	27611	9152	10398	26781
32092	11747	25083	88166	83127
55027	62346	70822	79736	19478
54927	67256	11754	36718	91178
59155	1892	8067	39406	7597
40914	74648	19792	96390	70670
95285	95217	59873	25122	88073
17242	96985	34691	75482	70389
15212	82519	44741	84690	2234
93809	89633	76452	16484	50903
39576	28301	35264	72685	49507
41460	65188	53446	68415	98971
62918	81880	60748	75117	29211
41865	9207	21880	63246	24164
15291	58863	70526	70535	98313